33024.0,23510.719999999998
optimise,33024.0,16175.459999999992
33261.0,20966.919999999995
optimise,33261.0,20691.039999999997
33529.0,192201.58000000013
optimise,33529.0,192218.87000000005
33747.0,304573.05
optimise,33747.0,111460.01999999999
34046.0,118563.59
optimise,34046.0,69015.80000000002
34278.0,60331.21000000002
optimise,34278.0,59673.479999999996
34816.0,17950.709999999995
optimise,34816.0,5472.59
35321.0,4147.94
optimise,35321.0,4256.43
35451.0,64512.48
optimise,35451.0,4720.93
35615.0,6587.0700000000015
optimise,35615.0,4723.78
